
0:44,39,0,7,
coef::-2.13269e-006,-0.0213949,0.00409599,0.983787,
1:46,37,1,8,
coef::1.06641e-008,-0.0214214,-0.00410192,0.984988,
2:71,74,49,52,47,2,9,42,
coef::-8.61986e-007,-3.48623e-005,1.00002,0.000978267,
3:27,18,4,14,
coef::-0.0297855,3.30285e-006,2.93629e-016,0.968341,
4:54,58,5,15,
coef::4.98562e-005,-1.91846e-009,-3.05087e-009,-0.00161218,
5:72,75,6,16,
coef::4.2928e-010,3.14258e-009,3.63294e-005,0.00116973,
6:30,24,11,20,
coef::0.0316411,-3.07491e-008,5.60702e-009,1.02872,
7:57,59,12,21,
coef::0.0303008,-5.8032e-007,0.00126964,1.02967,
8:51,48,13,22,
coef::-9.27575e-010,-6.17757e-009,-6.40139e-005,-0.00205701,
9:69,65,17,26,
coef::5.8826e-005,2.55317e-009,-9.83645e-011,-0.00188354,
10:70,73,19,28,
coef::-9.85132e-011,2.55338e-009,5.88211e-005,-0.00188338,
11:66,64,23,29,
coef::3.64513e-005,3.14556e-009,4.32579e-010,0.00117364,
12:53,50,25,31,
coef::-3.05094e-009,-1.91846e-009,4.98562e-005,-0.00161218,
13:43,45,36,38,
coef::-4.44165e-010,-0.0315684,5.27184e-010,0.967494,
14:3,10,
coef::6.36652e-009,1.66557e-005,1.96592,-0.00095365,
15:32,34,
coef::5.53089e-008,674.633,3525.84,-4217.06,
16:33,35,
coef::1.31846e-011,-0.0336697,0.0480853,1.6078,
17:40,41,
coef::0.0120132,7.32192e-006,0.0120132,1.0232,
18:55,68,
coef::-0.0463782,0.00021683,1.03155e-006,0.962472,
19:56,67,
coef::0.13586,-1.57174e-008,-1.81035e-010,2.82969,
20:60,61,
coef::1.01569,-1.71914e-007,0.992217,0.99971,
21:62,63,
coef::0.992217,-1.71914e-007,1.01569,0.99971,
22:76,77,
coef::-0.0114617,1.11044e-005,-0.0114617,0.976251,